label: CU Anschutz (Aurora, CO, USA)
lat: 39.7454581
lon: -104.8393807

